diffrentiability = 32.271720718033436
eer = 0.242424242424242